200701	1085
200702	2577
200703	1000	1001	1008	1259
200704	1152	1157	1330	1546	2438	2439	2475	2557	2562	2675	2739	2753	2884	2908	2920	3052
200705	10171	10172	10809	10818	10869	10871	10950	10952	10998	11654	11720	2741	2742	8958	9498

200707	10250	4153
200708	2292	2775
200709	1966
200710	2869
200711	10951
200712	10828
200713	10845
200714	10866
200715	11050
200716	2609
200717	2839
200718	2798

200720	1012

200728	1620

201006	1085	1182	2003	2440	2441	2442	2443	2444	2445	2446	2447	2557
201007	1026	11021	11022	15552	8393
201008	1339
201009	2606
201010	1018
201011	2338
201012	1261
201013	1927	4344	1110	1806
201014	1753
201015	11866
201016	1002	1032	1181
201017	1874	2558	2845	2914	3003	3046	5337	5338	5339	5522	5554	6749	7287	8370
201018	7568
201019	1541
201020	15654
201021	14492
201022	2960
201023	1021
201024	15596	4673	2231	14652

201026	11286
201027	5639
201028	5430	1917
201029	1076
201030	2504	14889
201031	13316
201101	1009
201102	1932	1010